C         -2.31700        6.68200        0.14100
C         -3.47500        7.34900        0.16900
C          1.15900       -0.66700       -0.02300
C         -4.62700        5.35000       -0.12700
C         -3.47200        4.68100       -0.04500
C         -2.31500        5.34900        0.04400
H         -8.97600        1.18900       -0.80400
H         -9.05200       -1.18100        0.09900
C         -6.94300        1.33900       -0.19400
C         -5.78700        0.67000       -0.13000
C         -4.63000        1.33900       -0.08700
C          1.16000       -7.35000        0.09200
C          1.15900       -4.67800        0.01100
C          2.31700       -5.34600        0.02300
C         -4.63000       -1.33500       -0.06400
C         -6.94600       -2.67100       -0.04700
C         -6.94600       -1.33500       -0.09000
C         -5.78700       -0.66700       -0.09900
H          1.16000       -8.44900        0.14300
H          5.57400       -7.23500       -0.26600
H          3.48800       -8.43500        0.25500
H          6.73100       -5.21900       -0.42700
H          7.88400       -3.18600       -0.47600
H          8.90200        1.15800        0.86000
H          9.01400       -1.25800        0.57000
H          7.87200        3.17700       -0.46600
H          6.73900        5.23400       -0.15100
H          3.53000        8.26000        0.90000
H          5.51300        7.27100       -0.32600
H          1.16200        8.45300        0.03600
H         -1.15900        8.45300        0.02200
C         -4.63000       -2.67200       -0.04700
C         -8.10300       -0.66600       -0.11300
C         -8.08600        0.67800       -0.40800
C          5.78700       -3.33800       -0.22000
C          4.63200       -2.67200       -0.12700
C          3.47400       -3.34000       -0.10400
C          5.78600       -4.67300       -0.29000
C          4.63000       -5.34500       -0.19300
C          3.47300       -4.67700       -0.13900
C          3.47600       -7.35000        0.07300
C          4.63200       -6.68100       -0.13900
C          2.31800       -6.68200        0.05900
C         -1.15600       -4.67800        0.00600
C          3.47500       -0.66700       -0.03500
C          2.31700       -1.33600       -0.03500
C         -1.15600       -7.35100        0.08600
C         -2.31500       -6.68400        0.03600
C         -2.31400       -5.34700        0.02900
C         -4.62500       -6.63500        0.50200
C         -3.48300       -7.33200        0.00400
C         -4.62700       -5.34000        0.16700
C         -3.47200       -4.67600        0.05800
C         -3.47200       -3.34100       -0.01200
C         -5.78800       -4.67800       -0.05300
C          3.47500        3.34400       -0.01200
C          5.78800        4.68300       -0.10500
C         -5.78800        3.34300       -0.02600
C         -4.63000        2.67600       -0.05400
C         -3.47200        3.34400       -0.03900
C         -5.78800        4.68000        0.01800
H         -6.72900        5.22800        0.17200
C          0.00200       -6.68300        0.06300
C          0.00200       -5.34600        0.02300
C         -1.15700       -0.66700       -0.02300
C          0.00100       -1.33600       -0.02300
C          1.15900        0.67000       -0.02300
H         -1.15600       -8.44900        0.14600
H         -5.41800       -7.11200        1.09700
H         -3.56100       -8.35700       -0.38900
H         -6.72100       -5.23400       -0.23100
H         -7.89900       -3.22000       -0.00700
C         -6.94600        2.67400       -0.02900
H         -7.89600        3.21300        0.10100
C          4.63300        2.67600       -0.03700
C          0.00100        6.68600        0.06200
C          0.00100        5.34900        0.03800
C          1.15900        4.68000        0.04000
C          1.15900        7.35400        0.08900
C          2.31800        6.68100        0.18100
C          2.31700        5.34800        0.07000
C          4.63100        6.68700       -0.02300
C          3.49200        7.28500        0.39300
C          4.63100        5.35000       -0.04700
C          3.47500        4.68100       -0.00000
C          6.94600       -1.34100        0.06300
C          5.79000       -0.67100        0.03600
C          4.63300       -1.33500       -0.04600
C          6.94500       -2.66900       -0.23200
C          0.00100       -2.67200       -0.03500
C          1.15900        3.34400        0.00200
C         -1.15700       -3.34100       -0.04600
C         -2.31400       -2.67300       -0.03500
C         -2.31400       -1.33600       -0.03500
C          2.31700        2.67500       -0.01100
C          2.31700        1.33800       -0.01200
C         -3.47200       -0.66700       -0.05800
C         -3.47200        0.67000       -0.06400
C         -2.31400        1.33800       -0.03500
C         -2.31400        2.67500       -0.02900
C         -1.15700        3.34400       -0.00200
C          3.47500        0.67000       -0.01200
C          5.78900        3.34300       -0.10900
C          2.31700       -2.67200       -0.05800
C          1.15900       -3.34100       -0.02300
C         -1.15700        4.68100        0.02300
C         -1.15700        7.35400        0.07100
C          0.00100        2.67500       -0.01200
C         -4.62200        6.68500       -0.19900
H         -3.51000        8.40300        0.47900
H         -5.50900        7.23700       -0.54200
C          0.00100        1.33800       -0.02300
C         -1.15700        0.67000       -0.02300
C          4.63300        1.33800        0.02200
C          6.94200        2.66800       -0.17200
C          6.94600        1.34000        0.13200
C          5.78800        0.67100        0.10200
C          8.07900       -0.70800        0.38700
C          8.02000        0.62300        0.47900
C         -5.78800       -3.34100       -0.05300
